STT3A_Arabidopsis_thaliana	66,68,171,173,358,210,414,589,654,584,585,586,603,604,605,370
STT3B_Arabidopsis_thaliana	84,86,189,191,374,228,430,566,631,561,562,563,580,581,582,386
STT3A_Homo_sapiens	61,63,166,168,350,205,406,529,594,524,525,526,543,544,545,362
STT3B_Homo_sapiens	115,117,220,222,404,259,460,608,673,603,604,605,622,623,624,416
Campylobacter_jejuni	51,53,151,153,315,193,371,461,570,456,457,458,475,476,477,327
Campylobacter_lari	53,55,153,155,318,195,374,467,571,462,463,464,481,482,483,330
Desulfovibrio_litoralis	65,67,156,158,383,229,439,533,630,528,529,530,547,548,549,395
Desulfovibrio_alaskensis	53,55,144,146,345,215,401,502,596,497,498,499,516,517,518,357
Desulfovibrio_cuneatus	75,77,166,168,421,264,477,579,674,574,575,576,593,594,595,433
Cupidesulfovibrio_termitidis	100,102,191,193,415,282,471,563,658,558,559,560,577,578,579,427
Cupidesulfovibrio_sp._HK-II	115,117,206,208,420,287,476,568,663,563,564,565,582,583,584,432
Desulfovibrio_sp._A2	91,93,182,184,396,263,452,544,639,539,540,541,558,559,560,408
Desulfovibrio_piger	57,59,148,150,363,228,419,510,613,505,506,507,524,525,526,375
Desulfovibrio_legallii	85,87,176,178,397,264,453,545,640,540,541,542,559,560,561,409
Desulfovibrio_sp._MES5	58,60,149,151,370,237,426,518,613,513,514,515,532,533,534,382
Desulfovibrio_fairfieldensis	56,58,147,149,362,229,418,510,605,505,506,507,524,525,526,374
Desulfovibrio_bastinii	58,60,149,151,338,206,394,487,581,482,483,484,501,502,503,350
Desulfovibrio_salexigens	55,57,146,148,336,204,392,484,578,479,480,481,498,499,500,348
Marinifilum_sp.	55,57,146,148,336,204,392,484,578,479,480,481,498,499,500,348
Desulfovibrio_gilichinskyi	53,55,144,146,334,202,390,482,576,477,478,479,496,497,498,346
Desulfovibrio_hydrothermalis	53,55,144,146,341,208,397,489,583,484,485,486,503,504,505,353
Desulfovibrio_ferrireducens	53,55,144,146,334,202,390,482,576,477,478,479,496,497,498,346
Desulfovibrio_frigidus	18,20,109,111,299,167,355,447,541,442,443,444,461,462,463,311
Desulfovibrio_gigas	76,78,171,173,364,230,420,511,606,506,507,508,525,526,527,376
Desulfovibrio_marinus	52,54,143,145,362,227,418,510,604,505,506,507,524,525,526,374
Desulfovibrio_indonesiensis	58,60,149,151,363,227,419,511,605,506,507,508,525,526,527,375
